80 80
0 66 66 70 70 70 70 49 49 0 18 0 0 0 50 50 50 17 16 16 16 16 16 10 0 0 0 0 0 0 0 51 51 51 10 10 10 10 10 10 10 10 10 10 10 0 0 0 0 0 0 0 31 31 31 0 0 0 0 0 0 0 0 12 12 69 69 69 21 21 46 46 0 22 103 103 103 103 103 0
66 66 66 70 70 70 70 49 49 0 0 17 17 17 50 50 50 17 17 16 16 16 0 0 0 0 0 0 0 51 51 51 51 51 10 10 10 10 10 10 10 10 10 10 10 10 0 0 0 0 0 0 31 0 0 0 0 0 0 0 0 86 86 86 12 69 69 69 69 21 0 81 15 103 103 103 103 103 103 103
17 66 66 66 70 70 70 70 0 76 17 17 17 17 50 50 50 50 17 16 0 0 0 0 0 0 0 51 51 51 51 51 51 51 51 10 10 10 10 10 10 10 10 10 10 45 0 0 0 0 0 0 0 0 0 0 0 0 37 0 0 86 86 86 12 12 69 69 69 0 0 81 15 15 103 103 103 103 103 103
17 66 66 66 0 70 70 76 76 76 17 17 17 17 17 50 50 50 0 0 0 0 0 0 0 0 0 51 51 51 51 51 51 51 51 10 10 10 10 10 10 10 10 10 45 45 45 0 0 0 0 0 0 0 0 0 37 37 37 0 0 86 86 0 0 12 69 0 0 0 81 81 81 15 15 103 103 103 103 0
49 17 66 66 0 0 76 76 76 76 76 17 17 17 17 17 50 0 0 0 0 0 0 0 70 70 0 0 51 51 51 51 51 51 51 0 0 88 10 10 10 10 10 45 45 45 45 0 0 0 0 0 0 0 0 37 37 37 37 37 37 37 0 0 0 0 0 68 68 23 81 81 81 15 15 103 103 0 0 0
49 17 0 62 18 76 76 76 76 76 76 76 17 17 17 0 0 0 0 0 0 0 23 70 70 70 70 0 51 51 51 51 51 0 0 88 88 88 88 10 10 10 45 45 45 0 0 0 0 0 0 0 0 0 0 37 37 37 37 37 37 0 0 10 26 68 68 68 68 23 23 81 81 81 15 0 0 0 0 0
0 18 62 62 62 18 76 76 76 76 76 76 17 0 0 0 0 0 0 0 18 18 23 23 70 70 70 70 0 51 51 10 10 15 15 88 88 88 88 10 10 10 45 0 0 0 0 0 0 0 0 0 0 0 0 37 37 37 37 37 37 0 10 10 26 26 68 68 68 68 23 81 81 0 0 0 0 0 0 0
0 18 18 62 62 18 18 76 76 76 76 0 0 0 0 0 0 0 76 76 76 18 18 23 70 70 70 70 0 10 10 10 10 10 15 15 88 88 88 88 10 0 0 0 0 0 0 0 0 0 0 0 0 0 0 0 37 37 37 0 0 0 10 10 10 26 68 68 68 68 23 0 0 0 0 0 0 0 0 42
18 18 18 62 62 62 18 76 76 0 0 0 0 0 0 0 76 76 76 76 76 76 18 23 23 70 70 0 10 10 10 10 10 10 10 15 88 88 88 0 0 0 0 0 0 0 0 0 0 0 0 0 0 0 0 0 37 10 10 10 10 10 10 10 10 26 26 68 68 0 0 0 0 0 0 0 0 42 42 42
18 18 18 18 62 62 18 0 0 0 0 0 0 0 0 76 76 76 76 76 76 76 18 0 23 0 77 77 10 10 10 10 10 10 10 15 15 0 0 0 0 0 0 0 0 0 0 0 0 0 0 0 0 0 0 0 0 10 10 10 10 10 10 10 10 10 26 0 0 0 0 0 0 0 0 42 42 42 42 42
46 18 18 18 62 0 0 0 0 0 0 0 43 43 0 76 76 76 76 76 76 76 76 0 0 0 77 77 77 10 10 10 10 10 10 10 0 0 0 0 0 0 0 0 0 0 0 0 0 0 0 0 0 0 0 0 0 10 10 10 10 10 10 10 10 0 0 0 0 0 0 0 0 42 42 42 42 42 42 42
46 18 18 0 0 0 0 0 0 0 26 26 43 43 43 0 76 76 0 0 76 0 59 59 16 16 77 77 77 77 10 10 10 10 0 0 0 0 0 0 0 0 10 10 10 0 0 0 0 0 0 0 0 0 0 0 0 0 10 10 10 10 10 10 0 0 0 0 0 0 0 0 42 42 42 42 42 42 42 42
46 0 0 0 0 0 0 0 17 17 26 26 26 43 43 0 76 76 0 0 0 59 59 59 16 16 16 77 77 77 10 10 0 0 0 0 0 0 0 0 10 10 10 10 10 10 0 0 0 0 0 0 0 0 0 0 0 0 0 10 10 10 0 0 0 0 0 0 0 0 42 42 42 42 42 42 42 42 42 42
0 0 0 0 0 0 0 5 17 17 17 26 26 43 43 43 0 0 10 10 23 23 59 59 59 16 16 77 77 77 0 0 0 0 0 0 0 0 0 10 10 10 10 10 10 10 0 0 0 0 0 0 0 0 0 0 0 0 0 10 0 0 0 0 0 0 0 0 10 10 42 42 42 42 42 42 42 42 42 42
0 0 0 0 0 17 17 5 17 17 17 26 26 26 43 10 10 10 10 10 10 23 23 59 59 59 16 16 0 0 0 0 0 0 0 0 10 0 0 10 10 10 10 10 10 10 10 0 0 0 0 0 0 0 0 0 0 0 0 0 0 0 0 0 0 10 10 10 10 10 10 42 42 42 42 42 42 42 42 42
0 0 0 60 60 60 17 5 5 17 17 17 26 10 10 10 10 10 10 10 10 23 23 59 59 59 0 0 0 0 0 0 0 0 0 10 10 10 0 10 10 10 10 10 10 10 10 0 0 0 0 0 0 0 0 0 0 0 0 0 0 0 0 10 10 10 10 10 10 10 10 42 42 42 42 42 42 42 42 42
0 60 60 60 60 60 17 17 5 17 17 17 10 10 10 10 10 10 10 10 10 10 23 23 0 0 0 0 0 0 0 0 0 10 10 10 10 10 10 10 10 10 10 10 10 10 10 10 0 0 0 0 0 0 0 0 0 0 0 0 0 0 10 10 10 10 10 10 10 10 10 10 0 0 25 42 42 42 42 42
10 10 60 60 60 60 60 17 17 5 17 17 47 10 10 10 10 10 10 10 10 10 0 0 0 0 0 0 0 0 0 10 10 10 10 10 10 10 10 10 10 10 10 10 10 10 10 10 0 0 0 0 0 0 0 0 0 0 0 0 0 0 10 10 10 10 10 10 10 10 10 10 24 24 25 42 42 42 42 42
10 10 60 60 60 60 60 60 17 0 47 47 47 47 10 10 10 10 10 10 0 0 0 0 0 0 0 0 0 0 0 0 10 10 10 10 10 10 10 10 10 10 10 10 10 10 10 10 10 0 0 0 0 0 0 0 0 0 0 0 0 0 10 10 10 10 10 10 10 10 10 10 10 24 25 25 42 42 42 42
10 10 10 60 60 60 60 60 65 65 65 47 47 47 10 10 10 10 0 0 0 0 0 0 0 0 0 0 0 0 0 0 0 10 10 10 10 10 10 10 10 10 10 10 10 10 10 10 10 10 10 0 0 0 0 0 0 0 0 0 0 0 0 10 10 10 10 10 10 10 9 10 10 10 24 25 42 42 42 0
10 10 10 60 60 60 66 65 65 65 65 47 47 47 47 10 10 0 0 0 0 0 0 0 0 0 10 0 0 0 0 0 0 10 10 10 10 10 10 10 10 10 10 10 10 10 10 10 10 10 10 10 0 0 0 0 0 0 0 0 0 0 0 10 10 10 10 10 80 80 9 10 10 10 24 24 25 0 0 0
10 10 10 85 66 66 66 65 65 65 65 65 47 47 47 0 0 0 0 0 0 0 0 0 0 0 0 0 0 0 0 10 10 10 10 10 10 10 10 10 10 10 10 10 10 10 10 10 10 10 10 10 0 0 0 0 0 0 0 0 0 0 0 0 10 10 10 80 80 80 9 9 10 10 10 0 0 0 0 0
10 85 85 85 66 66 66 66 65 65 65 65 65 0 0 0 0 0 0 0 0 0 0 0 0 0 0 0 0 0 0 10 10 10 10 10 10 10 10 10 10 10 10 10 10 10 10 10 10 10 10 10 10 0 0 0 0 0 0 0 0 0 0 0 0 80 80 80 80 80 80 9 9 0 0 0 0 0 0 0
85 85 85 85 52 66 66 66 66 65 65 0 0 0 0 0 0 0 0 0 0 0 0 0 0 0 0 0 0 0 0 0 10 10 10 10 10 10 10 10 10 10 10 10 10 10 10 10 10 10 10 10 0 0 0 0 0 0 0 0 0 0 0 0 0 80 80 80 80 80 80 0 0 0 0 0 0 0 0 0
85 85 52 52 52 52 66 66 66 0 0 0 0 0 0 0 0 0 0 0 0 0 0 0 0 0 0 0 0 0 0 0 10 10 10 0 10 10 10 10 10 10 10 10 10 10 10 10 10 10 10 10 0 0 0 0 0 0 0 0 0 0 0 0 0 0 80 80 80 0 0 0 0 0 0 0 0 0 0 0
52 52 52 52 52 52 66 0 0 0 0 0 0 0 0 0 0 0 0 0 0 0 0 0 0 0 0 0 0 0 0 0 0 10 10 10 10 10 10 10 10 10 10 10 10 10 10 10 10 10 10 10 10 0 0 0 0 0 0 0 0 0 0 0 0 0 80 0 0 0 0 0 0 0 0 0 0 0 0 10
52 52 52 52 52 0 0 0 0 0 0 0 0 0 0 0 0 0 0 0 0 0 0 0 0 0 0 0 0 0 0 0 0 0 10 0 0 10 10 10 10 10 10 10 10 10 10 10 10 10 10 10 10 10 0 0 0 0 0 0 0 0 0 0 0 0 0 0 0 0 0 0 0 0 0 0 0 0 10 10
0 52 52 0 0 0 0 0 0 0 0 0 0 0 0 0 0 0 0 0 0 0 0 0 0 0 0 0 0 0 0 0 0 0 0 0 0 10 10 10 10 10 10 10 10 10 10 10 10 10 10 10 10 10 0 0 0 0 0 0 0 0 0 0 0 0 0 0 0 0 0 0 0 0 0 0 73 73 73 10
0 0 0 0 0 0 0 0 0 0 0 0 0 0 0 0 0 0 0 0 0 0 0 0 0 0 0 0 0 0 0 0 0 10 0 0 0 0 10 10 10 10 10 10 10 10 10 10 10 10 10 10 10 10 10 0 0 0 0 0 0 0 0 0 0 0 0 0 0 0 0 0 0 0 10 10 10 73 73 10
0 0 0 0 0 0 0 0 0 0 0 0 0 0 0 0 0 0 0 0 0 0 0 0 0 0 0 0 0 0 0 0 0 0 0 0 0 0 10 10 10 10 10 10 10 10 10 10 10 10 10 10 10 10 10 0 0 0 0 0 0 0 0 0 0 0 0 0 0 0 0 0 10 10 10 10 10 73 73 73
0 0 0 0 0 0 0 0 0 0 0 0 0 0 0 0 0 0 0 0 0 0 0 0 0 0 0 0 0 0 0 0 0 0 0 0 0 0 0 10 10 10 10 10 10 10 10 10 10 10 10 10 10 10 10 0 0 0 0 0 0 0 0 0 0 0 0 0 0 0 10 10 10 10 10 10 10 10 73 73
0 0 0 0 10 0 0 0 0 0 0 0 0 0 0 0 0 0 0 0 0 0 0 0 0 0 0 0 0 0 0 0 0 0 0 0 0 0 0 0 10 10 10 10 10 10 10 10 10 10 10 10 10 0 0 0 0 0 0 0 0 0 0 0 0 0 0 0 0 0 10 10 10 10 10 10 10 10 73 73
0 0 0 0 10 0 0 0 0 0 0 0 0 0 0 0 0 0 0 0 0 0 0 0 0 0 0 0 0 0 0 0 0 0 0 0 0 0 0 0 10 10 10 10 10 10 10 10 10 10 10 0 0 0 0 0 0 0 0 0 0 0 0 0 0 0 0 0 0 0 10 10 10 10 10 10 10 10 0 73
0 0 0 0 0 0 0 0 0 0 0 0 0 0 0 0 0 0 0 0 0 0 0 0 0 0 0 0 0 0 0 0 0 0 0 0 0 0 0 0 0 10 10 10 10 10 10 10 10 0 0 0 0 0 0 0 0 0 0 0 0 0 0 0 0 0 0 0 0 0 0 10 10 10 10 10 41 41 41 0
0 0 0 0 0 0 0 0 0 0 0 0 0 0 0 0 0 0 0 0 0 0 0 0 0 0 0 0 0 0 0 0 0 0 0 0 0 0 0 0 0 10 10 10 10 10 10 0 0 0 0 0 0 0 0 0 0 0 0 0 0 0 10 10 10 0 0 0 0 0 0 0 10 10 41 41 41 41 78 78
0 0 0 0 0 0 0 0 0 0 0 0 0 0 0 0 0 0 0 0 0 0 0 0 0 0 0 0 0 0 0 0 0 0 0 0 0 0 0 0 0 0 10 10 10 0 0 0 0 0 0 0 0 0 0 0 0 0 0 0 0 10 10 10 10 10 0 0 0 0 0 0 41 41 41 41 78 78 78 78
0 0 0 0 0 0 0 0 0 0 0 10 0 0 0 0 0 0 0 0 0 0 0 0 0 0 0 0 0 0 0 0 0 0 0 0 0 0 0 0 0 0 10 0 0 0 0 0 0 0 0 0 0 0 0 0 0 0 0 10 10 10 10 10 10 10 0 0 0 0 0 0 0 41 41 78 78 78 78 78
0 0 0 0 0 0 0 0 0 0 0 0 0 0 0 0 0 0 0 0 0 0 0 0 0 0 0 0 0 0 0 0 0 0 0 0 0 0 0 0 0 0 0 0 0 0 0 0 0 0 0 0 0 0 0 0 0 10 10 10 10 10 10 10 10 10 10 0 0 0 0 0 0 78 78 78 78 78 78 78
10 0 0 0 0 0 0 0 0 0 0 0 0 0 0 0 0 0 0 0 0 0 0 0 0 0 0 0 0 0 0 0 0 0 0 0 0 0 0 0 0 0 0 0 0 0 0 0 0 0 0 0 0 0 0 10 10 10 10 10 10 10 10 10 10 10 10 0 0 0 0 0 0 0 78 78 78 78 0 0
46 0 0 0 0 0 0 0 0 0 0 0 0 0 0 0 0 0 0 0 0 0 0 0 0 0 0 0 0 0 0 0 0 0 0 0 0 0 0 0 0 0 0 0 0 0 0 0 0 0 0 0 0 10 10 10 10 10 10 10 10 10 10 10 10 23 23 23 0 0 0 0 0 0 0 78 0 0 0 0
46 46 0 0 0 0 0 0 0 0 0 0 0 0 0 0 0 0 0 0 0 0 0 0 0 0 0 0 0 0 0 0 0 0 0 0 0 10 10 0 0 0 0 0 0 0 0 0 0 0 0 10 10 10 10 10 10 10 10 10 10 10 10 23 23 23 23 23 0 0 0 0 0 0 0 0 0 0 0 0
46 46 46 0 0 0 0 0 0 0 0 0 0 0 0 0 0 0 0 0 0 0 0 0 0 0 0 0 0 0 0 0 0 0 0 0 0 0 0 0 0 0 0 0 0 0 0 0 0 10 10 10 10 10 10 10 10 10 10 10 10 23 23 23 23 23 23 23 23 0 0 0 0 0 0 0 0 0 0 0
46 46 46 0 0 0 0 0 0 0 0 0 0 0 0 0 0 0 0 0 0 0 0 0 0 0 0 0 0 0 0 0 0 0 0 0 0 0 0 0 0 0 0 0 0 0 0 10 10 10 10 10 10 10 10 10 10 10 10 32 32 32 23 23 23 23 23 23 23 23 0 0 0 0 0 0 0 0 10 10
46 46 46 0 0 0 0 0 0 0 0 0 0 0 0 0 0 0 0 0 0 0 0 0 0 0 0 0 0 0 0 0 0 0 0 0 0 0 0 0 0 0 0 0 0 10 10 10 10 10 10 10 10 10 10 10 10 32 32 32 32 32 23 23 23 23 23 23 23 0 0 0 0 0 0 0 0 10 10 10
46 0 0 0 0 0 0 0 0 0 0 0 0 0 0 0 0 0 0 0 0 0 0 0 0 0 0 0 0 0 0 0 0 0 0 0 0 0 0 0 0 0 0 89 89 10 10 10 10 10 10 10 10 10 10 32 32 32 32 32 32 32 32 23 23 23 23 0 0 0 0 0 0 0 0 0 0 10 10 10
0 0 0 0 0 0 0 0 0 0 0 0 0 0 0 0 0 0 0 0 0 0 0 0 0 0 0 0 0 0 0 0 0 0 0 0 0 0 0 0 0 89 89 89 89 10 10 10 10 10 10 10 10 10 10 32 32 32 32 32 32 32 32 23 23 0 0 0 0 0 0 0 0 0 0 0 0 0 10 10
0 0 0 0 192 0 0 0 0 0 0 0 0 0 0 0 0 0 0 0 0 0 0 0 0 0 0 0 0 0 0 0 0 0 0 0 0 0 0 0 0 89 89 89 89 89 10 10 10 10 10 10 10 10 10 10 32 32 32 32 32 32 32 0 0 0 0 0 0 0 304 304 0 0 0 0 0 0 0 10
0 0 0 192 192 0 0 0 0 0 0 0 0 0 0 0 0 0 0 0 0 0 0 0 0 0 0 0 0 0 0 0 0 0 0 0 0 0 10 10 10 10 89 89 89 89 10 10 10 10 10 10 10 10 10 10 32 32 32 32 32 0 0 0 0 0 0 0 304 304 304 304 304 0 0 0 0 0 0 10
0 192 192 192 192 192 0 0 0 0 0 0 0 0 0 0 0 0 0 0 0 0 0 0 0 0 0 0 0 0 0 0 0 0 0 0 10 10 10 10 10 10 89 89 89 89 89 10 10 10 10 10 10 10 10 10 10 32 32 0 0 0 0 0 0 0 0 304 304 304 304 304 304 0 0 0 0 0 0 0
192 192 192 192 192 192 0 0 0 0 0 0 0 0 0 0 0 0 0 0 0 0 0 0 0 0 0 0 0 0 0 0 0 0 10 10 10 10 10 10 10 10 10 89 89 89 89 89 10 10 10 10 10 10 10 10 10 0 0 0 0 0 0 0 0 10 304 304 304 304 304 304 304 304 0 0 0 0 0 0
192 192 192 192 192 192 192 0 0 0 0 0 0 0 0 10 0 0 0 0 0 0 0 0 0 0 0 0 0 0 0 0 10 10 10 10 10 10 10 10 10 10 10 89 89 89 89 89 10 10 10 10 10 10 10 0 0 0 0 0 0 0 0 10 10 10 304 304 304 304 304 304 304 10 0 0 0 0 0 0
192 192 192 192 192 192 192 192 0 0 0 0 0 0 0 0 0 0 0 0 0 0 0 0 0 0 0 0 0 0 10 10 10 10 10 10 10 10 10 10 10 10 10 10 89 89 89 89 89 10 10 10 10 0 0 0 0 0 0 0 0 10 10 10 10 10 10 304 304 304 304 10 10 10 10 0 0 0 0 0
192 192 192 192 192 192 192 192 0 0 0 0 0 0 0 0 0 0 0 0 0 0 0 0 0 0 0 0 10 0 10 10 10 10 10 10 10 10 10 10 10 10 10 10 89 89 89 89 89 10 10 0 0 0 0 0 0 0 0 47 47 10 10 10 10 10 10 304 304 10 10 10 10 10 10 0 0 0 0 0
192 192 192 192 192 192 192 192 192 0 0 0 0 0 0 0 0 0 0 0 0 0 0 0 0 0 10 10 10 10 10 10 10 10 10 10 10 10 10 10 10 10 10 10 0 89 89 89 89 89 0 0 0 0 0 0 0 47 47 47 47 10 10 10 10 10 10 10 10 10 10 10 10 10 10 10 0 0 0 0
192 192 192 192 192 192 192 192 192 0 0 0 0 0 0 0 0 0 0 0 0 0 0 0 10 10 10 10 10 10 10 10 10 10 10 10 10 10 10 10 10 10 10 10 10 0 89 89 0 0 0 0 0 0 0 10 47 47 47 47 47 47 10 10 10 10 10 10 10 10 10 10 10 10 10 10 10 0 0 0
192 192 192 192 192 192 192 192 192 192 0 0 0 0 0 0 0 0 0 0 0 0 10 10 10 10 10 10 10 10 10 10 10 10 10 10 10 10 10 10 10 10 10 10 10 0 0 0 0 0 0 0 0 10 10 10 47 47 47 47 47 47 47 10 10 10 10 10 10 10 10 10 10 10 10 10 10 0 0 0
0 192 192 192 192 192 192 192 192 0 0 0 0 0 0 0 0 0 0 0 0 10 10 10 10 10 10 10 10 10 10 0 10 10 10 10 10 10 10 10 10 10 10 0 0 0 0 0 0 0 0 10 10 10 10 10 10 47 47 47 47 47 47 10 10 10 10 10 10 10 10 10 10 10 10 0 0 0 0 0
0 192 192 192 192 192 192 0 0 0 0 0 0 0 0 0 0 0 0 10 10 10 10 10 10 10 10 10 10 10 0 0 0 10 10 10 10 10 10 10 10 0 0 0 0 0 0 0 0 10 10 10 10 10 10 10 10 47 47 47 47 0 10 10 10 10 10 10 10 10 10 10 10 0 0 0 0 0 0 0
0 0 192 192 192 0 0 0 0 0 0 0 0 0 0 0 0 0 0 10 10 10 10 10 10 10 10 10 10 0 0 0 0 10 10 10 10 10 10 0 0 0 0 0 0 0 0 0 14 10 10 10 10 10 10 10 10 10 47 0 0 43 43 10 10 10 10 10 10 10 10 0 0 0 0 0 0 0 10 0
0 0 0 0 0 0 0 0 0 0 0 0 0 0 0 0 0 0 0 0 10 10 10 10 10 10 10 0 0 0 0 0 0 0 10 10 10 0 0 0 0 0 0 0 0 0 12 12 14 10 10 10 10 10 10 10 10 30 30 30 43 43 43 10 10 10 10 10 10 0 0 0 0 0 0 0 10 10 10 10
0 0 0 0 0 0 0 0 0 0 0 0 0 0 0 0 0 0 0 0 10 10 10 10 10 0 0 0 0 0 0 0 0 0 10 0 0 0 0 0 0 0 0 0 53 53 53 12 14 14 10 10 10 10 10 30 30 30 30 30 30 43 43 43 10 10 10 0 0 0 0 0 0 0 10 10 10 10 10 10
0 0 0 0 0 0 0 0 0 0 0 366 366 366 0 0 0 0 0 0 0 10 10 0 0 0 0 0 0 0 0 0 0 0 0 0 0 0 0 0 0 0 30 53 53 53 53 12 12 14 14 10 10 10 0 30 30 30 30 30 30 43 43 43 10 0 0 0 0 0 0 0 10 10 10 10 10 10 10 10
0 0 0 0 0 0 0 0 0 366 366 366 366 366 0 0 0 0 0 0 0 0 0 0 0 0 0 0 0 0 0 0 0 0 0 0 0 0 0 0 30 30 30 30 53 53 53 53 12 12 0 0 10 10 10 30 30 30 30 30 30 30 43 0 0 0 0 0 0 0 0 10 10 10 10 10 10 10 10 10
0 0 0 0 0 0 0 366 366 366 366 366 366 366 366 0 0 0 0 0 0 0 0 0 0 0 6 6 0 0 0 0 0 0 0 0 0 0 41 41 41 30 30 30 53 53 53 53 53 0 0 0 56 10 10 10 30 30 30 30 30 30 0 0 0 0 0 0 0 0 0 10 10 10 10 10 10 10 10 10
0 0 0 0 0 366 366 366 366 366 366 366 366 366 366 0 0 0 0 0 0 0 0 0 0 6 6 0 0 0 0 0 0 0 0 0 30 30 41 41 41 30 30 30 30 53 30 53 53 53 56 56 56 10 10 10 30 30 30 30 0 0 0 0 0 0 0 45 45 45 0 10 10 10 10 10 10 10 10 10
0 0 0 366 366 366 366 366 366 366 366 366 366 366 366 366 0 0 0 0 0 0 0 0 0 6 0 0 0 0 0 0 0 0 30 30 30 30 30 41 41 0 30 30 30 30 30 30 53 53 56 56 56 56 10 10 10 30 0 0 0 0 0 0 0 66 66 45 45 45 0 0 10 10 10 10 64 10 10 10
0 366 366 366 366 366 366 366 366 366 366 366 366 366 366 366 366 0 0 0 0 0 0 0 0 0 0 0 0 0 0 0 30 30 30 30 30 30 30 41 41 0 0 30 30 30 30 30 53 53 53 56 56 56 10 10 0 0 0 0 0 0 0 66 66 66 66 45 45 45 45 0 10 10 10 64 64 10 10 10
366 366 366 366 366 366 366 366 366 366 366 366 366 366 366 366 366 0 0 0 0 0 0 0 0 0 0 0 0 0 30 30 30 30 30 30 30 30 30 30 41 41 0 30 30 30 30 30 30 53 53 53 56 56 0 0 0 0 0 0 0 66 66 66 66 66 66 66 45 45 45 0 0 64 64 64 64 64 10 10
366 366 366 366 366 366 366 366 366 366 366 366 366 366 366 366 366 366 0 0 0 0 0 0 0 0 0 0 30 30 30 30 30 30 30 30 30 30 30 30 41 41 0 0 30 30 30 30 30 53 53 53 0 0 0 0 0 0 0 40 40 40 66 66 66 66 66 0 0 0 0 0 0 64 64 64 64 64 10 10
366 366 366 366 366 366 366 366 366 366 366 366 366 366 366 366 366 366 0 0 0 0 0 0 0 0 0 30 30 30 30 30 30 30 30 30 30 30 30 30 30 41 41 0 30 30 30 30 30 30 0 0 0 0 0 0 0 40 40 40 40 40 40 66 66 66 66 66 0 0 0 0 0 0 64 64 64 64 64 10
366 366 366 366 366 366 366 366 366 366 366 366 366 366 366 366 366 0 0 0 0 0 0 0 0 0 30 30 30 30 30 30 30 30 30 30 30 30 30 30 30 30 41 41 41 30 30 30 0 0 0 0 0 0 0 40 40 40 40 40 40 40 40 9 9 66 66 66 0 0 0 0 0 0 0 64 64 64 64 0
366 366 366 366 366 366 366 366 366 366 366 366 366 366 366 0 0 0 0 0 0 0 0 0 0 0 0 30 30 30 30 30 30 30 30 30 30 30 30 30 30 30 41 41 41 41 0 0 0 0 0 0 0 0 30 30 40 40 40 40 40 40 40 40 9 66 66 66 66 0 0 0 0 0 0 64 64 0 0 0
366 366 366 366 366 366 366 366 366 366 366 366 366 0 0 0 0 0 0 0 0 0 0 0 0 0 0 30 30 30 30 30 30 30 30 30 30 30 30 30 30 30 30 41 0 0 0 0 0 0 0 0 30 30 30 30 40 40 40 40 40 40 40 40 30 30 66 66 66 0 0 0 0 0 0 0 0 0 0 0
366 366 366 366 366 366 366 366 366 366 366 366 0 0 0 0 0 0 0 10 10 0 0 0 0 0 0 0 30 30 30 30 30 30 30 30 30 30 30 30 30 30 30 0 0 0 0 0 0 0 10 10 30 30 30 30 30 40 40 40 40 40 40 40 40 30 66 66 66 66 0 0 0 0 0 0 0 0 0 0
366 366 366 366 366 366 366 366 366 366 0 0 0 0 0 0 0 10 10 10 10 10 0 0 0 0 0 0 30 30 30 30 30 30 30 30 30 30 30 30 30 0 0 0 0 0 0 42 42 42 10 10 10 30 30 30 30 0 40 40 40 40 40 40 40 30 30 66 66 66 66 0 0 0 0 0 0 0 10 10
366 366 366 366 366 366 366 366 0 0 0 0 0 0 0 0 10 10 10 10 10 10 0 0 0 0 0 0 0 30 30 30 30 30 30 30 30 30 30 0 0 0 0 0 0 30 42 42 42 42 42 10 10 30 30 30 30 30 48 40 40 40 40 40 40 40 30 30 66 0 0 0 0 0 0 0 64 64 64 10
366 366 366 366 366 366 0 0 0 0 0 0 0 0 0 0 10 10 10 10 10 0 0 0 0 0 0 0 0 0 30 30 30 30 30 30 30 0 0 0 0 0 0 0 30 30 30 42 42 42 42 10 10 10 30 30 48 48 48 40 40 40 40 40 40 40 30 0 0 0 0 0 0 0 0 10 64 64 64 10
366 366 366 366 0 0 0 0 0 0 0 0 0 0 10 10 10 10 10 10 10 10 0 0 0 0 0 0 0 0 30 30 30 30 30 0 0 0 0 0 0 0 43 43 30 30 30 42 42 42 42 42 10 10 10 10 48 48 48 48 40 40 40 40 40 40 0 0 0 0 0 0 0 38 38 10 10 64 64 64
366 366 0 0 0 0 0 0 0 0 35 35 35 10 10 10 10 10 10 10 10 10 0 0 0 0 0 0 0 0 0 30 30 0 0 0 0 0 0 0 43 43 43 43 0 30 30 30 42 42 42 0 10 10 10 10 10 0 48 48 48 40 40 40 0 0 0 0 0 0 0 22 22 38 38 10 10 10 64 64
0 0 0 0 0 0 0 0 35 35 35 35 35 10 10 10 10 10 10 10 10 10 10 0 10 0 0 0 0 0 0 0 0 0 0 0 0 0 10 13 13 43 46 46 0 30 30 30 42 0 0 0 10 10 10 10 10 0 0 48 48 40 0 0 0 0 0 0 0 58 14 14 22 38 38 38 10 10 64 0
